%YAML:1.0
---
# projection_parameters:
#    fx: 2951.25851710
#    fy: 2949.37436936
#    cx: 1901.64605088
#    cy: 1060.90134904

# projection_parameters:
#    fx: 1484.116358192
#    fy: 1483.644867849  
#    cx: 950.3265859807
#    cy: 542.5114765327

# distortion_parameters:
#    k1: 0.4162
#    k2: -1.9868
#    k3: 2.8968

# projection_parameters:
#    fx: 916.4670
#    fy: 928.2758
#    cx: 968.0515
#    cy: 548.7732
    
# distortion_parameters:
#    k1: 0.0363
#    k2: -0.0552
#    k3: 0.0589

projection_parameters:
   fx: 3117.535
   fy: 3107.897
   cx: 2001.491
   cy: 1499.586
    
distortion_parameters:
   k1: 0.2658
   k2: -1.2732
   k3: 1.9711